i	P	T
0	1.01624869E-05	2.69027960E+03
1	1.04954243E-05	2.69027410E+03
2	1.08392691E-05	2.69026842E+03
3	1.11943788E-05	2.69026256E+03
4	1.15611224E-05	2.69025651E+03
5	1.19398810E-05	2.69025026E+03
6	1.23310483E-05	2.69024380E+03
7	1.27350308E-05	2.69023713E+03
8	1.31522483E-05	2.69023024E+03
9	1.35831345E-05	2.69022313E+03
10	1.40281370E-05	2.69021578E+03
11	1.44877185E-05	2.69020820E+03
12	1.49623566E-05	2.69020036E+03
13	1.54525444E-05	2.69019227E+03
14	1.59587915E-05	2.69018392E+03
15	1.64816239E-05	2.69017529E+03
16	1.70215851E-05	2.69016638E+03
17	1.75792361E-05	2.69015717E+03
18	1.81551566E-05	2.69014767E+03
19	1.87499451E-05	2.69013785E+03
20	1.93642196E-05	2.69012771E+03
21	1.99986187E-05	2.69011724E+03
22	2.06538016E-05	2.69010643E+03
23	2.13304491E-05	2.69009526E+03
24	2.20292646E-05	2.69008373E+03
25	2.27509743E-05	2.69007182E+03
26	2.34963282E-05	2.69005952E+03
27	2.42661010E-05	2.69004682E+03
28	2.50610925E-05	2.69003370E+03
29	2.58821292E-05	2.69002015E+03
30	2.67300641E-05	2.69000616E+03
31	2.76057786E-05	2.68999171E+03
32	2.85101827E-05	2.68997678E+03
33	2.94442163E-05	2.68996137E+03
34	3.04088503E-05	2.68994546E+03
35	3.14050869E-05	2.68992902E+03
36	3.24339617E-05	2.68991204E+03
37	3.34965439E-05	2.68989451E+03
38	3.45939378E-05	2.68987641E+03
39	3.57272838E-05	2.68985771E+03
40	3.68977599E-05	2.68983840E+03
41	3.81065823E-05	2.68981846E+03
42	3.93550075E-05	2.68979787E+03
43	4.06443329E-05	2.68977660E+03
44	4.19758984E-05	2.68975463E+03
45	4.33510878E-05	2.68973195E+03
46	4.47713304E-05	2.68970853E+03
47	4.62381021E-05	2.68968433E+03
48	4.77529274E-05	2.68965935E+03
49	4.93173804E-05	2.68963355E+03
50	5.09330871E-05	2.68960691E+03
51	5.26017266E-05	2.68957939E+03
52	5.43250331E-05	2.68955097E+03
53	5.61047976E-05	2.68952163E+03
54	5.79428696E-05	2.68949132E+03
55	5.98411595E-05	2.68946002E+03
56	6.18016400E-05	2.68942770E+03
57	6.38263486E-05	2.68939432E+03
58	6.59173895E-05	2.68935985E+03
59	6.80769359E-05	2.68932425E+03
60	7.03072320E-05	2.68928749E+03
61	7.26105957E-05	2.68924953E+03
62	7.49894209E-05	2.68921032E+03
63	7.74461798E-05	2.68916983E+03
64	7.99834255E-05	2.68912802E+03
65	8.26037950E-05	2.68908485E+03
66	8.53100114E-05	2.68904026E+03
67	8.81048873E-05	2.68899421E+03
68	9.09913273E-05	2.68894666E+03
69	9.39723311E-05	2.68889755E+03
70	9.70509967E-05	2.68884684E+03
71	1.00230524E-04	2.68879447E+03
72	1.03514217E-04	2.68874039E+03
73	1.06905488E-04	2.68868454E+03
74	1.10407862E-04	2.68862687E+03
75	1.14024979E-04	2.68856732E+03
76	1.17760597E-04	2.68850582E+03
77	1.21618600E-04	2.68844231E+03
78	1.25602996E-04	2.68837673E+03
79	1.29717927E-04	2.68830900E+03
80	1.33967669E-04	2.68823907E+03
81	1.38356638E-04	2.68816685E+03
82	1.42889396E-04	2.68809227E+03
83	1.47570653E-04	2.68801526E+03
84	1.52405275E-04	2.68793574E+03
85	1.57398286E-04	2.68785362E+03
86	1.62554876E-04	2.68776882E+03
87	1.67880402E-04	2.68768125E+03
88	1.73380400E-04	2.68759083E+03
89	1.79060585E-04	2.68749747E+03
90	1.84926862E-04	2.68740105E+03
91	1.90985326E-04	2.68730149E+03
92	1.97242274E-04	2.68719869E+03
93	2.03704208E-04	2.68709254E+03
94	2.10377844E-04	2.68698293E+03
95	2.17270118E-04	2.68686974E+03
96	2.24388192E-04	2.68675287E+03
97	2.31739465E-04	2.68663220E+03
98	2.39331576E-04	2.68650759E+03
99	2.47172415E-04	2.68637893E+03
100	2.55270130E-04	2.68624608E+03
101	2.63633139E-04	2.68610890E+03
102	2.72270131E-04	2.68596727E+03
103	2.81190083E-04	2.68582102E+03
104	2.90402265E-04	2.68567002E+03
105	2.99916252E-04	2.68551411E+03
106	3.09741930E-04	2.68535313E+03
107	3.19889511E-04	2.68518693E+03
108	3.30369541E-04	2.68501532E+03
109	3.41192912E-04	2.68483814E+03
110	3.52370871E-04	2.68465520E+03
111	3.63915036E-04	2.68446633E+03
112	3.75837404E-04	2.68427133E+03
113	3.88150366E-04	2.68407000E+03
114	4.00866718E-04	2.68386215E+03
115	4.13999675E-04	2.68364756E+03
116	4.27562886E-04	2.68342601E+03
117	4.41570447E-04	2.68319729E+03
118	4.56036916E-04	2.68296116E+03
119	4.70977326E-04	2.68271739E+03
120	4.86407206E-04	2.68246572E+03
121	5.02342590E-04	2.68220593E+03
122	5.18800039E-04	2.68193773E+03
123	5.35796658E-04	2.68166086E+03
124	5.53350109E-04	2.68137505E+03
125	5.71478637E-04	2.68108002E+03
126	5.90201080E-04	2.68077546E+03
127	6.09536897E-04	2.68046108E+03
128	6.29506183E-04	2.68013657E+03
129	6.50129690E-04	2.67980160E+03
130	6.71428853E-04	2.67945584E+03
131	6.93425806E-04	2.67909896E+03
132	7.16143410E-04	2.67873060E+03
133	7.39605275E-04	2.67835040E+03
134	7.63835784E-04	2.67795799E+03
135	7.88860118E-04	2.67755298E+03
136	8.14704284E-04	2.67713497E+03
137	8.41395142E-04	2.67670357E+03
138	8.68960429E-04	2.67625835E+03
139	8.97428795E-04	2.67579887E+03
140	9.26829823E-04	2.67532470E+03
141	9.57194071E-04	2.67483538E+03
142	9.88553095E-04	2.67433043E+03
143	1.02093948E-03	2.67380937E+03
144	1.05438690E-03	2.67327170E+03
145	1.08893009E-03	2.67271691E+03
146	1.12460497E-03	2.67214446E+03
147	1.16144861E-03	2.67155382E+03
148	1.19949930E-03	2.67094443E+03
149	1.23879659E-03	2.67031571E+03
150	1.27938130E-03	2.66966706E+03
151	1.32129563E-03	2.66899789E+03
152	1.36458314E-03	2.66830756E+03
153	1.40928880E-03	2.66759544E+03
154	1.45545908E-03	2.66686087E+03
155	1.50314197E-03	2.66610316E+03
156	1.55238701E-03	2.66532162E+03
157	1.60324539E-03	2.66451553E+03
158	1.65576996E-03	2.66368416E+03
159	1.71001532E-03	2.66282677E+03
160	1.76603782E-03	2.66194256E+03
161	1.82389570E-03	2.66103076E+03
162	1.88364909E-03	2.66009054E+03
163	1.94536008E-03	2.65912107E+03
164	2.00909281E-03	2.65812149E+03
165	2.07491352E-03	2.65709093E+03
166	2.14289060E-03	2.65602849E+03
167	2.21309471E-03	2.65493325E+03
168	2.28559880E-03	2.65380425E+03
169	2.36047823E-03	2.65264055E+03
170	2.43781082E-03	2.65144115E+03
171	2.51767693E-03	2.65020503E+03
172	2.60015956E-03	2.64893117E+03
173	2.68534445E-03	2.64761851E+03
174	2.77332010E-03	2.64626597E+03
175	2.86417797E-03	2.64487245E+03
176	2.95801247E-03	2.64343682E+03
177	3.05492111E-03	2.64195794E+03
178	3.15500462E-03	2.64043462E+03
179	3.25836701E-03	2.63886569E+03
180	3.36511569E-03	2.63724993E+03
181	3.47536161E-03	2.63558609E+03
182	3.58921935E-03	2.63387292E+03
183	3.70680722E-03	2.63210914E+03
184	3.82824743E-03	2.63029346E+03
185	3.95366620E-03	2.62842454E+03
186	4.08319386E-03	2.62650105E+03
187	4.21696503E-03	2.62452164E+03
188	4.35511874E-03	2.62248493E+03
189	4.49779855E-03	2.62038953E+03
190	4.64515275E-03	2.61823403E+03
191	4.79733449E-03	2.61601703E+03
192	4.95450191E-03	2.61373708E+03
193	5.11681836E-03	2.61139275E+03
194	5.28445252E-03	2.60898259E+03
195	5.45757861E-03	2.60650515E+03
196	5.63637656E-03	2.60395898E+03
197	5.82103218E-03	2.60134260E+03
198	6.01173737E-03	2.59865456E+03
199	6.20869034E-03	2.59589342E+03
200	6.41209577E-03	2.59305773E+03
201	6.62216504E-03	2.59014604E+03
202	6.83911647E-03	2.58715694E+03
203	7.06317554E-03	2.58408903E+03
204	7.29457510E-03	2.58094094E+03
205	7.53355564E-03	2.57771130E+03
206	7.78036551E-03	2.57439880E+03
207	8.03526122E-03	2.57100216E+03
208	8.29850768E-03	2.56752015E+03
209	8.57037845E-03	2.56395157E+03
210	8.85115610E-03	2.56029529E+03
211	9.14113241E-03	2.55655025E+03
212	9.44060876E-03	2.55271544E+03
213	9.74989638E-03	2.54878995E+03
214	1.00693167E-02	2.54477293E+03
215	1.03992017E-02	2.54066364E+03
216	1.07398941E-02	2.53646145E+03
217	1.10917482E-02	2.53216583E+03
218	1.14551294E-02	2.52777638E+03
219	1.18304156E-02	2.52329281E+03
220	1.22179966E-02	2.51871501E+03
221	1.26182753E-02	2.51404300E+03
222	1.30316678E-02	2.50927696E+03
223	1.34586035E-02	2.50441728E+03
224	1.38995263E-02	2.49946451E+03
225	1.43548943E-02	2.49441941E+03
226	1.48251809E-02	2.48928297E+03
227	1.53108746E-02	2.48405638E+03
228	1.58124804E-02	2.47874109E+03
229	1.63305195E-02	2.47333882E+03
230	1.68655303E-02	2.46785153E+03
231	1.74180687E-02	2.46228149E+03
232	1.79887092E-02	2.45663123E+03
233	1.85780446E-02	2.45090362E+03
234	1.91866874E-02	2.44510183E+03
235	1.98152703E-02	2.43922939E+03
236	2.04644464E-02	2.43329013E+03
237	2.11348904E-02	2.42728827E+03
238	2.18272991E-02	2.42122837E+03
239	2.25423921E-02	2.41511536E+03
240	2.32809126E-02	2.40895457E+03
241	2.40436280E-02	2.40275167E+03
242	2.48313311E-02	2.39651274E+03
243	2.56448404E-02	2.39024422E+03
244	2.64850014E-02	2.38395294E+03
245	2.73526873E-02	2.37764608E+03
246	2.82487997E-02	2.37133121E+03
247	2.91742701E-02	2.36501623E+03
248	3.01300602E-02	2.35870936E+03
249	3.11171634E-02	2.35241915E+03
250	3.21366054E-02	2.34615441E+03
251	3.31894458E-02	2.33992424E+03
252	3.42767787E-02	2.33373793E+03
253	3.53997341E-02	2.32760497E+03
254	3.65594792E-02	2.32153497E+03
255	3.77572191E-02	2.31553766E+03
256	3.89941987E-02	2.30962278E+03
257	4.02717034E-02	2.30380007E+03
258	4.15910610E-02	2.29807919E+03
259	4.29536427E-02	2.29246967E+03
260	4.43608644E-02	2.28698081E+03
261	4.58141887E-02	2.28162164E+03
262	4.73151259E-02	2.27640087E+03
263	4.88652359E-02	2.27132676E+03
264	5.04661298E-02	2.26640710E+03
265	5.21194711E-02	2.26164914E+03
266	5.38269783E-02	2.25705947E+03
267	5.55904257E-02	2.25264402E+03
268	5.74116462E-02	2.24840800E+03
269	5.92925325E-02	2.24435579E+03
270	6.12350392E-02	2.24049096E+03
271	6.32411851E-02	2.23681619E+03
272	6.53130553E-02	2.23333327E+03
273	6.74528028E-02	2.23004307E+03
274	6.96626514E-02	2.22694553E+03
275	7.19448978E-02	2.22403969E+03
276	7.43019138E-02	2.22132365E+03
277	7.67361489E-02	2.21879465E+03
278	7.92501330E-02	2.21644908E+03
279	8.18464788E-02	2.21428255E+03
280	8.45278845E-02	2.21228989E+03
281	8.72971368E-02	2.21046529E+03
282	9.01571138E-02	2.20880231E+03
283	9.31107875E-02	2.20729400E+03
284	9.61612278E-02	2.20593295E+03
285	9.93116048E-02	2.20471140E+03
286	1.02565193E-01	2.20362133E+03
287	1.05925373E-01	2.20265452E+03
288	1.09395637E-01	2.20180267E+03
289	1.12979591E-01	2.20105747E+03
290	1.16680962E-01	2.20041067E+03
291	1.20503594E-01	2.19985418E+03
292	1.24451461E-01	2.19938013E+03
293	1.28528666E-01	2.19898089E+03
294	1.32739446E-01	2.19864921E+03
295	1.37088177E-01	2.19837817E+03
296	1.41579378E-01	2.19816129E+03
297	1.46217717E-01	2.19799252E+03
298	1.51008015E-01	2.19786624E+03
299	1.55955250E-01	2.19777734E+03
300	1.61064564E-01	2.19772114E+03
301	1.66341265E-01	2.19769344E+03
302	1.71790839E-01	2.19769049E+03
303	1.77418948E-01	2.19770898E+03
304	1.83231442E-01	2.19774599E+03
305	1.89234362E-01	2.19779902E+03
306	1.95433946E-01	2.19786590E+03
307	2.01836636E-01	2.19794480E+03
308	2.08449088E-01	2.19803419E+03
309	2.15278173E-01	2.19813281E+03
310	2.22330989E-01	2.19823963E+03
311	2.29614865E-01	2.19835382E+03
312	2.37137371E-01	2.19847476E+03
313	2.44906324E-01	2.19860195E+03
314	2.52929800E-01	2.19873503E+03
315	2.61216135E-01	2.19887375E+03
316	2.69773943E-01	2.19901797E+03
317	2.78612117E-01	2.19916759E+03
318	2.87739841E-01	2.19932259E+03
319	2.97166603E-01	2.19948300E+03
320	3.06902199E-01	2.19964889E+03
321	3.16956746E-01	2.19982036E+03
322	3.27340695E-01	2.19999752E+03
323	3.38064836E-01	2.20018053E+03
324	3.49140315E-01	2.20036954E+03
325	3.60578643E-01	2.20056472E+03
326	3.72391706E-01	2.20076627E+03
327	3.84591782E-01	2.20097438E+03
328	3.97191549E-01	2.20118925E+03
329	4.10204103E-01	2.20141111E+03
330	4.23642966E-01	2.20164016E+03
331	4.37522105E-01	2.20187665E+03
332	4.51855944E-01	2.20212080E+03
333	4.66659380E-01	2.20237287E+03
334	4.81947798E-01	2.20263311E+03
335	4.97737085E-01	2.20290177E+03
336	5.14043652E-01	2.20317914E+03
337	5.30884444E-01	2.20346548E+03
338	5.48276965E-01	2.20376109E+03
339	5.66239289E-01	2.20406625E+03
340	5.84790084E-01	2.20438128E+03
341	6.03948629E-01	2.20470649E+03
342	6.23734835E-01	2.20504220E+03
343	6.44169266E-01	2.20538875E+03
344	6.65273156E-01	2.20574648E+03
345	6.87068440E-01	2.20611575E+03
346	7.09577768E-01	2.20649693E+03
347	7.32824533E-01	2.20689038E+03
348	7.56832895E-01	2.20729650E+03
349	7.81627805E-01	2.20771569E+03
350	8.07235030E-01	2.20814837E+03
351	8.33681185E-01	2.20859495E+03
352	8.60993752E-01	2.20905588E+03
353	8.89201118E-01	2.20953161E+03
354	9.18332596E-01	2.21002260E+03
355	9.48418463E-01	2.21052933E+03
356	9.79489985E-01	2.21105230E+03
357	1.01157945E+00	2.21159201E+03
358	1.04472022E+00	2.21214899E+03
359	1.07894672E+00	2.21272378E+03
360	1.11429453E+00	2.21331693E+03
361	1.15080039E+00	2.21392900E+03
362	1.18850223E+00	2.21456060E+03
363	1.22743923E+00	2.21521233E+03
364	1.26765187E+00	2.21588480E+03
365	1.30918192E+00	2.21657866E+03
366	1.35207256E+00	2.21729457E+03
367	1.39636836E+00	2.21803321E+03
368	1.44211535E+00	2.21879528E+03
369	1.48936108E+00	2.21958148E+03
370	1.53815464E+00	2.22039257E+03
371	1.58854675E+00	2.22122929E+03
372	1.64058977E+00	2.22209244E+03
373	1.69433780E+00	2.22298281E+03
374	1.74984669E+00	2.22390123E+03
375	1.80717413E+00	2.22484855E+03
376	1.86637969E+00	2.22582563E+03
377	1.92752491E+00	2.22683338E+03
378	1.99067334E+00	2.22787270E+03
379	2.05589060E+00	2.22894455E+03
380	2.12324446E+00	2.23004990E+03
381	2.19280494E+00	2.23118973E+03
382	2.26464431E+00	2.23236508E+03
383	2.33883724E+00	2.23357699E+03
384	2.41546083E+00	2.23482653E+03
385	2.49459473E+00	2.23611481E+03
386	2.57632116E+00	2.23744297E+03
387	2.66072506E+00	2.23881216E+03
388	2.74789415E+00	2.24022358E+03
389	2.83791903E+00	2.24167844E+03
390	2.93089325E+00	2.24317800E+03
391	3.02691343E+00	2.24472353E+03
392	3.12607937E+00	2.24631636E+03
393	3.22849412E+00	2.24795781E+03
394	3.33426413E+00	2.24964928E+03
395	3.44349931E+00	2.25139217E+03
396	3.55631319E+00	2.25318792E+03
397	3.67282300E+00	2.25503801E+03
398	3.79314985E+00	2.25694393E+03
399	3.91741877E+00	2.25890725E+03
400	4.04575892E+00	2.26092952E+03
401	4.17830367E+00	2.26301237E+03
402	4.31519077E+00	2.26515744E+03
403	4.45656248E+00	2.26736640E+03
404	4.60256574E+00	2.26964097E+03
405	4.75335226E+00	2.27198291E+03
406	4.90907876E+00	2.27439399E+03
407	5.06990708E+00	2.27687604E+03
408	5.23600437E+00	2.27943092E+03
409	5.40754323E+00	2.28206051E+03
410	5.58470195E+00	2.28476674E+03
411	5.76766463E+00	2.28755157E+03
412	5.95662144E+00	2.29041700E+03
413	6.15176873E+00	2.29336506E+03
414	6.35330932E+00	2.29639782E+03
415	6.56145266E+00	2.29951738E+03
416	6.77641508E+00	2.30272586E+03
417	6.99841996E+00	2.30602544E+03
418	7.22769804E+00	2.30941832E+03
419	7.46448758E+00	2.31290672E+03
420	7.70903469E+00	2.31649292E+03
421	7.96159350E+00	2.32017921E+03
422	8.22242650E+00	2.32396791E+03
423	8.49180475E+00	2.32786138E+03
424	8.77000821E+00	2.33186201E+03
425	9.05732601E+00	2.33597220E+03
426	9.35405674E+00	2.34019440E+03
427	9.66050879E+00	2.34453106E+03
428	9.97700064E+00	2.34898468E+03
429	1.03038612E+01	2.35355778E+03
430	1.06414302E+01	2.35825288E+03
431	1.09900584E+01	2.36307254E+03
432	1.13501082E+01	2.36801933E+03
433	1.17219537E+01	2.37309586E+03
434	1.21059813E+01	2.37830473E+03
435	1.25025903E+01	2.38364856E+03
436	1.29121927E+01	2.38912999E+03
437	1.33352143E+01	2.39475168E+03
438	1.37720947E+01	2.40051628E+03
439	1.42232879E+01	2.40642647E+03
440	1.46892628E+01	2.41248491E+03
441	1.51705037E+01	2.41869430E+03
442	1.56675107E+01	2.42505730E+03
443	1.61808004E+01	2.43157662E+03
444	1.67109061E+01	2.43825492E+03
445	1.72583789E+01	2.44509489E+03
446	1.78237877E+01	2.45209921E+03
447	1.84077200E+01	2.45927054E+03
448	1.90107828E+01	2.46661155E+03
449	1.96336028E+01	2.47412488E+03
450	2.02768272E+01	2.48181318E+03
451	2.09411246E+01	2.48967906E+03
452	2.16271852E+01	2.49772513E+03
453	2.23357222E+01	2.50595398E+03
454	2.30674719E+01	2.51436817E+03
455	2.38231947E+01	2.52297026E+03
456	2.46036760E+01	2.53176277E+03
457	2.54097271E+01	2.54074819E+03
458	2.62421854E+01	2.54992899E+03
459	2.71019163E+01	2.55930762E+03
460	2.79898132E+01	2.56888647E+03
461	2.89067988E+01	2.57866795E+03
462	2.98538262E+01	2.58865438E+03
463	3.08318795E+01	2.59884809E+03
464	3.18419752E+01	2.60925134E+03
465	3.28851631E+01	2.61986638E+03
466	3.39625273E+01	2.63069541E+03
467	3.50751874E+01	2.64174059E+03
468	3.62242998E+01	2.65300404E+03
469	3.74110588E+01	2.66448786E+03
470	3.86366977E+01	2.67619407E+03
471	3.99024902E+01	2.68812468E+03
472	4.12097519E+01	2.70028166E+03
473	4.25598413E+01	2.71266691E+03
474	4.39541615E+01	2.72528230E+03
475	4.53941617E+01	2.73812968E+03
476	4.68813382E+01	2.75121082E+03
477	4.84172368E+01	2.76452748E+03
478	5.00034535E+01	2.77808135E+03
479	5.16416369E+01	2.79187410E+03
480	5.33334895E+01	2.80590734E+03
481	5.50807696E+01	2.82018266E+03
482	5.68852931E+01	2.83470159E+03
483	5.87489353E+01	2.84946563E+03
484	6.06736330E+01	2.86447624E+03
485	6.26613865E+01	2.87973483E+03
486	6.47142616E+01	2.89524279E+03
487	6.68343918E+01	2.91100146E+03
488	6.90239804E+01	2.92701215E+03
489	7.12853030E+01	2.94327614E+03
490	7.36207097E+01	2.95979467E+03
491	7.60326277E+01	2.97656894E+03
492	7.85235635E+01	2.99360014E+03
493	8.10961058E+01	3.01088942E+03
494	8.37529282E+01	3.02843789E+03
495	8.64967919E+01	3.04624665E+03
496	8.93305484E+01	3.06431677E+03
497	9.22571427E+01	3.08264930E+03
498	9.52796164E+01	3.10124526E+03
499	9.84011106E+01	3.12010564E+03
